Aatrox,Ahri,Akali,Akshan,Alistar,Amumu,Anivia,Annie,Aphelios,Ashe,AurelionSol,Aurora,Azir,Bard,Belveth,Blitzcrank,Brand,Braum,Briar,Caitlyn,Camille,Cassiopeia,Chogath,Corki,Darius,Diana,DrMundo,Draven,Ekko,Elise,Evelynn,Ezreal,Fiddlesticks,Fiora,Fizz,Galio,Gangplank,Garen,Gnar,Gragas,Graves,Gwen,Hecarim,Heimerdinger,Hwei,Illaoi,Irelia,Ivern,Janna,JarvanIV,Jax,Jayce,Jhin,Jinx,KSante,Kaisa,Kalista,Karma,Karthus,Kassadin,Katarina,Kayle,Kayn,Kennen,Khazix,Kindred,Kled,KogMaw,Leblanc,LeeSin,Leona,Lillia,Lissandra,Lucian,Lulu,Lux,Malphite,Malzahar,Maokai,MasterYi,Milio,MissFortune,Mordekaiser,Morgana,Naafiri,Nami,Nasus,Nautilus,Neeko,Nidalee,Nilah,Nocturne,Nunu,Olaf,Orianna,Ornn,Pantheon,Poppy,Pyke,Qiyana,Quinn,Rakan,Rammus,RekSai,Rell,Renata,Renekton,Rengar,Riven,Rumble,Ryze,Samira,Sejuani,Senna,Seraphine,Sett,Shaco,Shen,Shyvana,Singed,Sion,Sivir,Skarner,Smolder,Sona,Soraka,Swain,Sylas,Syndra,TahmKench,Taliyah,Talon,Taric,Teemo,Thresh,Tristana,Trundle,Tryndamere,TwistedFate,Twitch,Udyr,Urgot,Varus,Vayne,Veigar,Velkoz,Vex,Vi,Viego,Viktor,Vladimir,Volibear,Warwick,MonkeyKing,Xayah,Xerath,XinZhao,Yasuo,Yone,Yorick,Yuumi,Zac,Zed,Zeri,Ziggs,Zilean,Zoe,Zyra
1.0000000000000024,0.021402574569700482,0.057550175693968995,0.008582563658783291,0.0260525351616701,0.004231106775164381,0.002890665613945084,0.014606303053482811,0.03801275360830857,0.031497145181457874,0.0,0.09952677417970197,0.02335598008697425,0.01006573143798826,0.0,0.05450108718295612,0.030878725779617817,0.026370741229198094,0.027509491054585528,0.03925029448621216,0.10155934332649241,0.020763242208949824,0.0,0.04784724257142505,0.05538365504174103,0.012659423219896422,0.0,0.010771918484823641,0.01206746185127201,0.013503212318326883,0.0010179565821333612,0.04679340452265166,0.0,0.07833701840052568,0.007071241314065857,0.026520508946600643,0.03411281115509061,0.10433411020989115,0.1623219001405544,0.08610399893862153,0.024768862500296283,0.11856804100912025,0.007141690795189992,0.00297633146443495,0.04465334854374522,0.010820791219426855,0.07911685099040242,0.0025112182298953033,0.0060714216374641305,0.0,0.16855492083016094,0.1664136373840856,0.046470354656550236,0.02515217111530286,0.0,0.0,0.021375544867624642,0.03147570865861766,0.011014767753980133,0.03727602284305484,0.00977869895331624,0.01127800402284869,0.0417161071274951,0.09002218949031922,0.0,0.009076101661753318,0.006316020734704444,0.0,0.0,0.0,0.024354313473670442,0.036463473930618766,0.010536318261119858,0.07030925097207612,0.00949262436608442,0.017341770451378385,0.19048433298899153,0.0025869134547844112,0.01173306009266466,0.0,0.015234641549692427,0.0,0.1222325031888958,0.007730810471893469,0.02201930206701367,0.004888091258368961,0.09029418497597863,0.035371956164682875,0.006320167172379731,0.03362006845821913,0.00687758829120649,0.004866834498018318,0.0,0.028784446972370696,0.020143237811296195,0.06476068361879996,0.031601151477675636,0.028577172091893893,0.034383133496534796,0.007186041993618301,0.006427433834039129,0.028947890087806488,0.009721460566570252,0.0,0.014866033183991788,0.0,0.24321902023577244,0.006569731604125034,0.04736889004449116,0.06311992934375552,0.16586131344733923,0.041201284227241064,0.023529444285127078,0.02612947009815745,0.009857730533814814,0.09522418374059753,0.008989087842893454,0.009864179850884893,0.02825559942287523,0.005174095333245644,0.0342390659218607,0.021354835868943118,0.045963706101532345,0.08685907214941298,0.013549051205683053,0.0020481748936468395,0.00651533290808453,0.09625630459773242,0.022676640232058978,0.0,0.02033344309673387,0.007645579898683958,0.0022649259380992264,0.006947940857652518,0.02582640624640835,0.03253694832577994,0.11033637575900283,0.024465724287583684,0.0,0.011534117167427627,0.029496213806740848,0.0073807691661866535,0.041880659236634525,0.08757920692253963,0.005926033636623308,0.0,0.01206108631128799,0.03616947225449752,0.04745908954168349,0.038369051894808714,0.047818302269167064,0.07679746625730642,0.019456952574130364,0.0,0.0387331127099288,0.01669814580183628,0.0,0.04025082768847153,0.1416724925427897,0.00653785550936541,0.012009203620736174,0.012627428408424913,0.0406519582611805,0.04570355716948632,0.023316191268905932,0.0028138876036391935,0.017006493867692964,0.012105324560596714
0.021402574569700482,1.0000000000000013,0.08697110468651015,0.01416343842571292,0.029054751002748763,0.006456651546562609,0.021263080763680192,0.027662140964940716,0.024642741953340905,0.03700150757114116,0.0,0.08481601679654108,0.05362431011118038,0.010319757795948846,0.0,0.045150568539146535,0.024097354332900518,0.02615976618917672,0.0070555172009013805,0.037208654296816024,0.012277230868707755,0.009568394093418604,0.0,0.10256872193987844,0.007974041472284733,0.03983584630564705,0.0,0.01035711540012266,0.0076090154964491025,0.021432833751890153,0.003520668339496393,0.040939545336212156,0.0,0.009122779169683692,0.007706638124735907,0.060443048535717726,0.0049028811848219,0.01959441880025857,0.010388717260626932,0.022624603468067037,0.020794288438770746,0.00937665422638838,0.004420838287883134,0.005660288622156855,0.13175863469808272,0.0016167138127912766,0.03435591616297885,0.002194986954363471,0.01072899290040889,0.0,0.010797713366374941,0.047060289793797144,0.03712748908308799,0.026881956102582996,0.0,0.0,0.017460251069383842,0.042639426853435754,0.011831876199920426,0.05492626338359648,0.013853837938798266,0.006333701195089982,0.0034841802402144437,0.009216028533704053,0.0,0.009177171924181174,0.004199603650541469,0.0,0.0,0.0,0.01992480133798553,0.032891606101446896,0.05030310856962344,0.06502946761533719,0.02301269793737065,0.022731635449967265,0.050574465054554624,0.01030392748128526,0.009795493729209624,0.0,0.01678987416131539,0.0,0.01658582411982995,0.017736943008215253,0.03591957290761655,0.011333441959124483,0.019805038532940515,0.030925632434616067,0.01640418318259997,0.03584213477667138,0.010015988712328092,0.005832028206001772,0.0,0.006186299431430478,0.09234394584520306,0.015169458915310253,0.03533921025623903,0.020837896389552243,0.022241160893239346,0.023200697680517305,0.0023801799032025805,0.04336428636908216,0.0027635975188781145,0.0,0.013200234011900147,0.0,0.031521347869857795,0.005482393382166385,0.005609249193515144,0.007694534144357262,0.038745659000910204,0.03346541014893824,0.0134341806900012,0.023582528454369617,0.013455944245303848,0.006711895633951553,0.004853343395947718,0.003254314686797707,0.011932067420728354,0.002446360198966598,0.005453394008557753,0.02925717507237614,0.009900228902370046,0.07671750416682344,0.014620741671938465,0.006930109080683964,0.009055692596067772,0.12716693170463622,0.08725463992718503,0.0,0.050657671307183745,0.01746724098160572,0.0014621638830121845,0.0034719848009434765,0.022197259236372727,0.12394378406968222,0.014782190428975803,0.013152730741592143,0.0,0.010776025824693601,0.003760833988832848,0.0006928664613858532,0.029315557155064675,0.04564287957102165,0.007665622824378041,0.0,0.07152329708087597,0.03107498934965392,0.02840937785689694,0.12834091780986437,0.007860054427065959,0.014639985622369829,0.0022344995952670813,0.0,0.04828079233620315,0.04125156499236768,0.0,0.03881244102306719,0.14488965011039953,0.0009828154032714771,0.014718958106818976,0.007540093522843179,0.04698966301188294,0.04287858761013807,0.03148892576580035,0.0032264696480367046,0.06004933799978491,0.013159159001957394
0.057550175693968995,0.08697110468651015,1.0000000000000009,0.0213442420156673,0.02287098586440324,0.022724726065186926,0.00593155717337728,0.014009487129934693,0.0337779452529999,0.04148358518692025,0.0,0.11147335571747777,0.06276077421006113,0.00778340015076254,0.0,0.039417202071496085,0.04108579813069893,0.020546325198893503,0.01032015969918468,0.05724925580432275,0.03609717421273209,0.011195089069679249,0.0,0.12846384870759758,0.0073184474508515085,0.04115188475556746,0.0,0.011978869723171349,0.03280437720399933,0.014764926710656899,0.0012219525994421306,0.05063106437249523,0.0,0.026043823625231975,0.006881193435186038,0.06360418473620714,0.013733291919627457,0.029542575254713137,0.043233806722725476,0.03550820881396331,0.03096066541651105,0.02726756017641546,0.0034636561448494908,0.0030517603250317933,0.15795911758269476,0.0016963370114043248,0.09582841138083459,0.0027267319462798067,0.007885983869184047,0.0,0.03266940163030693,0.0995350570698817,0.043430659046409754,0.026537421366325947,0.0,0.0,0.021548538167097245,0.031178998803515663,0.01288816165880604,0.06694153009543244,0.0558728647956113,0.007154404918535709,0.00872349042239155,0.0384473369617912,0.0,0.009791808594620423,0.004960798731758646,0.0,0.0,0.0,0.02286877176803046,0.02901644606826671,0.029210713370024153,0.09691132720909333,0.011653601276758893,0.016289642368628034,0.040222027871036604,0.0035854401010949185,0.008674732058056925,0.0,0.010775028457097421,0.0,0.022783481167826112,0.010116286381935107,0.04279760726277388,0.010595997025165631,0.03532975829849883,0.028957327699759703,0.057369588146458345,0.03980161875897662,0.013481325433130211,0.005919905663781118,0.0,0.005732923970974693,0.11272675851494296,0.02116045344533338,0.038551220009264246,0.02614102907547758,0.034514563697180194,0.07835456311033451,0.0068775920669767055,0.02854029764674767,0.0032250380140748177,0.0,0.014269169407395558,0.0,0.06461194250848588,0.002755715875260934,0.014004319122551477,0.01777134450848947,0.053384556500737756,0.0388795951423528,0.015553491926076142,0.021369418007320375,0.01448829780802544,0.016363276002736286,0.004913008685066145,0.003114306635780525,0.01857921473686404,0.002014606415128568,0.008782460448206842,0.05000641858926169,0.019831017755924222,0.10631315697659507,0.011349708956759191,0.003280860646990964,0.007360734019788091,0.29157790981858533,0.10390435573606267,0.0,0.04833302867307347,0.01657455412540377,0.0026098817714363337,0.01552619131648001,0.019022071023846482,0.12046474694399248,0.010775202951085475,0.025340506108590895,0.0,0.007947062103846304,0.005799034917610881,0.0014701426459398966,0.029799517835677632,0.05738141518082742,0.00771569235043595,0.0,0.056256034423072226,0.04253495317183034,0.05414206944040559,0.06101053244074045,0.018963253468774793,0.012103656634825986,0.0010031664632350896,0.0,0.04131908897001802,0.02134610424085763,0.0,0.05330045643393945,0.27462048096482194,0.0014498018340321653,0.014083167946195541,0.00690025177585881,0.050763567022550825,0.06541510938462236,0.02215967082554525,0.0031332766810001455,0.039862146364685755,0.010873615237963812
0.008582563658783291,0.01416343842571292,0.0213442420156673,1.0,0.009134871138354528,0.002429617104095908,0.003911740304202896,0.01183721091970829,0.010228495656168549,0.00969945695738179,0.0,0.07575167517376341,0.014016677092540899,0.004888712219517659,0.0,0.011957290287762401,0.02887881111032714,0.014065871215372599,0.007599684867075355,0.01261624059717777,0.00443257020233708,0.003864054993138951,0.0,0.030367630199847846,0.0016875675318098597,0.0049447432121220904,0.0,0.004920910120124284,0.009168893188446343,0.007813906867354127,7.523657602006843e-05,0.00966817574979984,0.0,0.0036007354118268485,0.009709451103736584,0.0661424068014768,0.0033300262074287654,0.010469155091139585,0.0036951017860631092,0.008749301001501003,0.009100082701156193,0.002974577245442755,0.002350833302613351,0.0007148465492759227,0.04778662496940688,0.0005738718512022877,0.007806950225341222,0.0036605349763544383,0.002053748155173076,0.0,0.0051598158701828154,0.013883818555548889,0.011346235066151004,0.007278035210641645,0.0,0.0,0.004045267699255898,0.006546785318592437,0.002695296135332113,0.09201383898643668,0.005787345866893129,0.01894709144726233,0.0022282899646163972,0.004693950794024704,0.0,0.0028050147600947933,0.014186052410294806,0.0,0.0,0.0,0.011686327701913123,0.005750772678177176,0.007804129070428999,0.023744562934600755,0.006075867678986764,0.0036616240922721427,0.02259147918249248,0.001664118145824879,0.004028114404346234,0.0,0.010215743048251819,0.0,0.007680581829309424,0.008970019380922846,0.020952081395215483,0.0038105873372179847,0.005937926984224887,0.02466184089939026,0.010527097508221882,0.007010024177146377,0.0035243883249305302,0.000704470250120776,0.0,0.0013513283987544014,0.019271947819092666,0.008247334079645471,0.031090210271099393,0.007084808959213783,0.01648646588585809,0.012312349433713947,0.0017688455373599601,0.005198507615284727,0.0038257982949470287,0.0,0.010105946489302685,0.0,0.007574044626368336,0.0034887626591727826,0.003080505975291057,0.004758105578565513,0.009196995317870868,0.016631532197238053,0.003491543142654883,0.023879217536004457,0.00414850425132319,0.005101667637730438,0.0028081764957206493,0.0015174193677226961,0.0032871054152033533,0.0039738172034992515,0.003230853820444127,0.010188210593947568,0.005402913177598687,0.024949631704557135,0.0062572828137756956,0.0011046723968972114,0.015031049789982674,0.06469600330379158,0.02539873809105407,0.0,0.019394311043134684,0.0026981791303069477,0.0057368623888986265,0.0011083590196411528,0.007025774885006442,0.03625495433158866,0.0051769423537628735,0.0022423018973107265,0.0,0.004177704746723318,0.004056938898791597,0.000796713475287294,0.0108275744550664,0.028207094245262365,0.002926868738339736,0.0,0.04896816326998567,0.007212149587126711,0.04218179793511592,0.011314009414779055,0.004414583014340768,0.006617934093099937,0.000501910034336548,0.0,0.00792739955197233,0.0076217908294614126,0.0,0.00859277460341347,0.046583789896812944,0.004403034813561641,0.0077333180657246205,0.004320252977803072,0.006526042723420493,0.012147888677008712,0.00657372983254131,0.0023893569005591464,0.02288617048163931,0.0036099229236028997
0.0260525351616701,0.029054751002748763,0.02287098586440324,0.009134871138354528,1.0,0.01613181078776743,0.006470676526213167,0.011418729849000072,0.04955688087289446,0.0819284280367431,0.0,0.022864848757797658,0.022891748933028616,0.17756987987080733,0.0,0.31978940140052536,0.04668357343074633,0.4316185056655887,0.00804489118609361,0.05673873843810331,0.02942830872496707,0.009942071628390064,0.0,0.034630296771873376,0.009196947297594269,0.01857892140787184,0.0,0.018974735720454897,0.00991337913198783,0.01904914523578738,0.0010671401688759428,0.06918163918368063,0.0,0.01738192882375023,0.006303748958200541,0.03481359881717022,0.007604333712586112,0.01780924824498555,0.02433374212484156,0.0355216818763965,0.024856411562980404,0.018296098473557967,0.008098458111130328,0.011588779539159155,0.045146525085675966,0.0031078327899579728,0.016835067982732942,0.008777940270462622,0.05196611666825065,0.0,0.025368623650690734,0.031266380638630645,0.0930619048582694,0.052732954467953314,0.0,0.0,0.03950218339517634,0.23203436743082517,0.017923071865634098,0.026270209933210123,0.011379211555998463,0.005171168408372168,0.004951397821383941,0.012966680548564919,0.0,0.021836470957012886,0.00927158505097034,0.0,0.0,0.0,0.4733098122986022,0.027279300992232344,0.014976402179709216,0.0603008201607914,0.1596415955817731,0.04866018559422724,0.05291368671928633,0.02140616743859764,0.10371245511133703,0.0,0.1618343642101086,0.0,0.02582329605279654,0.02893880870254228,0.011060945851491753,0.09946380020634343,0.0274028903565568,0.45895435534053647,0.026136246558417144,0.029097665930727202,0.011843131956711316,0.0039589089593450805,0.0,0.01834186708853512,0.02804642326667057,0.031266742432205,0.03175391983461291,0.208084157845443,0.18606542491103165,0.005836158352176833,0.00295453784926931,0.3550514484246319,0.01623002627908749,0.0,0.43604285217621,0.0,0.03240835578095042,0.006427675008678875,0.01208335708064988,0.02044340107224654,0.01925657422047365,0.053176479637378704,0.025053039229668582,0.18941149842686328,0.11117575375183371,0.013855954947480093,0.018657755328593234,0.017028898626103,0.01405583070993808,0.008419024127012363,0.013020289530341244,0.0312777888661673,0.03730243377644783,0.0680422463049296,0.04752312844764179,0.026572993895339122,0.004957656190607997,0.048617354209318155,0.015242194658535874,0.0,0.02219147326151072,0.006091196488942661,0.027185101118543702,0.003992469183651311,0.18642708662250446,0.044779449577066914,0.029854862067624072,0.02350072475430719,0.0,0.020206462497899924,0.003100898602339575,0.0012640858545856517,0.06560591324359777,0.049211283337657584,0.011189646780340083,0.0,0.016203885223715152,0.0375056522736492,0.02877411294534694,0.018231205153027574,0.014024771490075319,0.01205172160405346,0.0046924739511310055,0.0,0.07419521677972306,0.026600895042863636,0.0,0.029050625608814495,0.04293348583600015,0.0012434562075351071,0.0661926624474386,0.01859540110684021,0.01831539172950759,0.056882111648797265,0.06660619914490083,0.018712348153390453,0.00840107491952159,0.02054421297561828
0.004231106775164381,0.006456651546562609,0.022724726065186926,0.002429617104095908,0.01613181078776743,1.0000000000000002,0.0015082137692134377,0.0022202945425155033,0.004035665854390113,0.016742396584284978,0.0,0.003553229976632836,0.001472499922610292,0.026639747508608966,0.0,0.031698428784328936,0.01665729290337084,0.028724125693086577,0.007172903004109598,0.00889499672354589,0.0028805438159634706,0.0007291778698604012,0.0,0.004682850597221168,0.002236426232036077,0.004842068177695188,0.0,0.002689603270618758,0.003080440678857994,0.010651561432806518,0.000445660778646731,0.008317066766533342,0.0,0.0020099613294861283,0.0013075958813619061,0.005135132630543152,0.00140505340559044,0.005314312324647559,0.005047035869468773,0.014988814434394641,0.014065804719143484,0.002611755202082497,0.00848634175403506,0.009982174312685197,0.009354048857722962,0.008818045908825851,0.0029688618462791433,0.0019240195226705192,0.005293034412733353,0.0,0.0052055215209195985,0.0029615681018370734,0.013333198172271951,0.006607812150403097,0.0,0.0,0.0028599140730828374,0.01741162115857358,0.018713631851183826,0.0054939424971374076,0.0033961453353317764,0.0015936005915682537,0.0019264130975030214,0.002153071327303217,0.0,0.003185068207976739,0.001553721739838803,0.0,0.0,0.0,0.05055935948161529,0.013608327530685794,0.005334259198892678,0.00746681568940554,0.035019903857121865,0.005877713394410813,0.018767585722112966,0.001037454384046535,0.03164214070240583,0.0,0.028681272371637336,0.0,0.0056287658051416955,0.01840673473615641,0.005833403067653814,0.006922056368847128,0.006536932402411784,0.021223083341650392,0.005034580467318529,0.008704560542697557,0.0015463960648851548,0.0066148258289874,0.0,0.001468280053618553,0.0054648567992850875,0.013126935279885222,0.003276879436754751,0.018459945026880396,0.020503309709241177,0.002228386009638404,0.00040817486084843336,0.014397594117562052,0.008370388844113445,0.0,0.011414021686288793,0.0,0.0034475768782815763,0.0072546708554097825,0.0023851578353127727,0.003542850292141745,0.005033804359430113,0.007237823207157309,0.00579891139054054,0.026921862184083614,0.0143592200844663,0.003120537442838213,0.011483516263988847,0.0020127939428362302,0.025819314127854567,0.005418425420888951,0.006200705920239793,0.006674613555467411,0.014231335133758564,0.015884962954336508,0.01254215793542015,0.0032622847968955923,0.0013418700886580106,0.0067860691289965275,0.0021879006600021072,0.0,0.005703377970994373,0.0011609677863773224,0.0030542312397384623,0.0014678981059624572,0.01643200116964606,0.0047615160693939024,0.00918431131755172,0.0037712339714489887,0.0,0.0017918795825362362,0.0032464372612846623,0.0005693096852246996,0.007746472346207392,0.007290223127372807,0.001944043741370062,0.0,0.001890491248940208,0.04904702353316575,0.011363949433595354,0.0049196506664132824,0.0015429264092131864,0.006400622078074543,0.0016292625569754855,0.0,0.008275390138275182,0.011064575065814002,0.0,0.0035445890359632037,0.004790459462591674,0.001749544368940772,0.044653868111884355,0.014733007050903428,0.00449875965130962,0.004998127833706616,0.013786473392638209,0.006070707960579733,0.003832304067492616,0.00845346532660521
0.002890665613945084,0.021263080763680192,0.00593155717337728,0.003911740304202896,0.006470676526213167,0.0015082137692134377,0.9999999999999999,0.01159725793558397,0.004299344302349615,0.006377944274169524,0.0,0.011142050056148035,0.00820202280052268,0.0021210023109154755,0.0,0.026382743737910073,0.00682437881579432,0.012369193792046887,0.001785538168320673,0.012568942150429366,0.002204762636271924,0.006935070038623479,0.0,0.021060374245786353,0.0014594892264081533,0.001961557139657325,0.0,0.002600373592891129,0.0013455481745018195,0.0032195740505234012,0.0014633044192742862,0.0098173228967384,0.0,0.0006917022486328437,0.005074957119086675,0.0074182484964744055,0.009491284780471152,0.004574141672890966,0.003403203558149489,0.0027795522680297306,0.0014056686397516764,0.0008138569378407843,0.0004814968733806629,0.0007784524069121355,0.034933568022096274,0.025928786239903037,0.013550741232336546,0.0012318591846424345,0.0038795072580529067,0.0,0.0013741002124046094,0.00645453617586277,0.011499501289136124,0.009997804442527377,0.0,0.0,0.0064088047768340725,0.010816205589969695,0.0009249428704277283,0.014774295558311206,0.004225107071697521,0.004259675300060762,0.001476986369870716,0.0011572888980320925,0.0,0.000795343593914929,4.9968485739043395e-05,0.0,0.0,0.0,0.00705237010728117,0.0030561956951977273,0.022489484340111998,0.011756789744891326,0.00880941846439946,0.00471363086401524,0.011680664988048185,0.0017046082556075454,0.0044733351290865515,0.0,0.00724341308334215,0.0,0.0035795141891424927,0.003626427711729748,0.001850595410621145,0.007701658985058609,0.003598792897194643,0.008677182857907919,0.0038694668716632483,0.009219505974955742,0.0014943721429512868,0.0008052307307868779,0.0,0.00015527831327852258,0.015304097200124562,0.008426906171750391,0.001738620566190225,0.004809321171045441,0.005043012940595426,0.002110473675253612,0.0005583316171001206,0.0033930529291452786,0.0006117310731667635,0.0,0.0021642098029631316,0.0,0.004008278326519151,0.0006332965034567242,0.000661979068998258,0.0013048294107308783,0.016260944872005845,0.005719553039369814,0.0015475087759262843,0.01938809048096824,0.021956637439896842,0.0017245192248328696,0.003917000165591582,0.001128870638395922,0.001154469134379828,0.002243063207613651,0.0035988699994069853,0.005811977461455088,0.003628492915263202,0.024759255841602944,0.0022683125330685474,0.000909083126446055,0.005615988907914495,0.01352727210072306,0.015767900767973374,0.0,0.005217884764959311,0.002149602484765781,0.00011522720740155117,0.0013087589890372524,0.006756507081393039,0.0160990216446374,0.026485969867029262,0.002284939900997391,0.0,0.0025352415732179685,0.0016909135733678474,0.0011479555607383566,0.012828551828600782,0.023178505950040652,0.004347098967911889,0.0,0.012914005157879683,0.006753221892882942,0.0026167438686183317,0.015403068236623014,0.0017112479560888523,0.008450110920809615,0.00026711857739297523,0.0,0.0055691742188785556,0.008983849284301213,0.0,0.00609790588260654,0.014900677095664998,0.0014130323286241217,0.004141840199204466,0.004906988740898964,0.005502567520718112,0.008891275467915434,0.006762588535481555,0.007901623837647184,0.006146870618520928,0.003634218305405908
0.014606303053482811,0.027662140964940716,0.014009487129934693,0.01183721091970829,0.011418729849000072,0.0022202945425155033,0.01159725793558397,0.999999999999999,0.012208378572283641,0.015525202434746668,0.0,0.007740263400059656,0.009459630360536084,0.004703514165791864,0.0,0.02504415141759747,0.017308287228628007,0.030981255417352103,0.0035024651685452196,0.019492656122611612,0.008574855849978223,0.012636728905199561,0.0,0.03534554820187935,0.002279427247386737,0.014487565910574676,0.0,0.006143483609798388,0.0026918650397550364,0.019590718804030925,0.02718324508282656,0.024516044956224076,0.0,0.005615123657030313,0.04102327843369683,0.016336109563918087,0.0017644948792471702,0.007174307886007274,0.006346808921414227,0.012083887178887543,0.008349267783353759,0.005442500736406818,0.0025443242372154696,0.005942055423783675,0.027508143373479683,0.0005135718698599484,0.0105676285383013,0.0016837063020959057,0.004809339832258361,0.0,0.004891749418684692,0.011601618965075635,0.010612254979529863,0.011360092703738374,0.0,0.0,0.008033444191663039,0.018083199342889756,0.00988281652727945,0.1255141527755994,0.0060596018113471045,0.0026502939526836322,0.002119919359575194,0.007634622868935521,0.0,0.0028705612007461348,0.005452593788075881,0.0,0.0,0.0,0.018292544256706317,0.014616395248616545,0.012014206632972445,0.03166439861881339,0.015564094172473755,0.02210343386978113,0.014394404829925806,0.0010347416987364106,0.008724309978338165,0.0,0.015043669133695224,0.0,0.006990061252723989,0.006869261058595529,0.004062160712727601,0.012828511232005037,0.01471202682698157,0.01758362630604963,0.011531550594588809,0.015600054151828541,0.0016974429970800745,0.0027689982182665584,0.0,0.0010861626183276607,0.0194584186403788,0.00319235170028503,0.0035194127278607604,0.01042649740887684,0.008710039016204162,0.01776415218954834,0.0027576609084927284,0.016796787823977626,0.008871682321115923,0.0,0.03975615073766272,0.0,0.012583841850297666,0.000782433262647295,0.019455500474356777,0.004808665893156995,0.0058578517383856945,0.008196522527666415,0.007060385922163753,0.009485703320970368,0.009985238177060124,0.004314613773993622,0.0020519452266081007,0.0035529100917242283,0.005370553315650186,0.00618890350560914,0.008555488919609028,0.008123573655310088,0.004907162315144117,0.02132235967090474,0.011239066396205229,0.009657113326311629,0.009591519745886226,0.022041992314234943,0.01998834970232711,0.0,0.012728216560308963,0.0019283292215686789,0.0026892568921796293,0.0013970696637224307,0.008248878734455749,0.03106121452142529,0.00678487515568379,0.0066947458385574485,0.0,0.004943841486015128,0.0023401979660695117,0.002951265619059273,0.01759163857458558,0.03596763895774536,0.011256562736003737,0.0,0.008571497063850603,0.012255492742119534,0.014025057403857804,0.034444081975968675,0.00949260763858167,0.007905969419440181,0.02112275436782258,0.0,0.018446049426752934,0.008380630817536351,0.0,0.009415107268131289,0.029677352994035632,0.0008268292454550591,0.010736075367470689,0.010751707842444455,0.007839615972867735,0.016188800641200478,0.01660172843777559,0.0030842374001620793,0.032626223555666814,0.013050796786185988
0.03801275360830857,0.024642741953340905,0.0337779452529999,0.010228495656168549,0.04955688087289446,0.004035665854390113,0.004299344302349615,0.012208378572283641,1.0000000000000009,0.30872790267456907,0.0,0.03331329877579893,0.03895533283156729,0.030720706201652993,0.0,0.05232365067918918,0.041343445582673916,0.07931668096506768,0.021843000553307214,0.19308822540474568,0.021074004167846893,0.010606033233304875,0.0,0.07418273886990721,0.01367579707541323,0.020059095290258924,0.0,0.0878101244995214,0.011692729904497295,0.02389749824991899,0.003067733187075452,0.27222005279831174,0.0,0.009545899755940359,0.0053223402795946105,0.026552952439110714,0.01357232993708486,0.016836710866939334,0.028354877870886076,0.025613915107073254,0.04370607575989813,0.017922539039695047,0.007689795491405742,0.016570514088681883,0.07244333640153214,0.002548397967680953,0.03375977932685101,0.0027570471955192513,0.010832824346574612,0.0,0.018936252130887486,0.04721474289403812,0.3456961502169028,0.24343590966446005,0.0,0.0,0.22915057709837994,0.0394042258168948,0.027240851911597586,0.04170124481400092,0.011757385970483812,0.007842356953387388,0.008720715001436674,0.011479835291994851,0.0,0.01659512186665698,0.005630807397441566,0.0,0.0,0.0,0.049382312131988945,0.04117363924127465,0.01578240315343592,0.2287673694875091,0.016461830961361452,0.015387478123033557,0.03694891554430252,0.00423650454178531,0.01193782095028903,0.0,0.023134074527333754,0.0,0.03541313713257546,0.010604997334367443,0.018179419018142497,0.014414061982721663,0.01857241661609828,0.05832476184859626,0.009815044222147294,0.05139405896181757,0.07989945909930253,0.007498302548808512,0.0,0.00510771600811444,0.023011476203929654,0.01938356267977791,0.01011365421216722,0.034743150900907696,0.043814744986286076,0.024060925498216694,0.0017898558957956067,0.041020104254655756,0.0030024101732061843,0.0,0.04072785594220438,0.0,0.018088790762070053,0.007302267721494605,0.008599047750985533,0.00939649235287259,0.020531067360136396,0.18357890341008892,0.012214246794971935,0.11289525199771715,0.020313448516455737,0.012724598471856757,0.019167880647291646,0.004049953516376039,0.021532149496520908,0.0055348756113623495,0.00912673293136205,0.09722624015406055,0.018140455642104855,0.22238272595473507,0.02245429293462408,0.0050233225799364315,0.016029335801319763,0.057288796947894405,0.028427070940746035,0.0,0.033972274356122156,0.006212784724301596,0.004558798514898884,0.004482129974869442,0.0339827046547882,0.11830792545519041,0.016975692524156503,0.006458957566433487,0.0,0.05394317351900713,0.008514987371430813,0.004020053725795449,0.25954535110397287,0.11402082459907072,0.009349611491301594,0.0,0.010088279911971613,0.0416993663245359,0.04488577916813609,0.04809193474897887,0.01234136556246883,0.009459113957896354,0.0009684860859052332,0.0,0.25953091767942515,0.02172849571778795,0.0,0.03718459740694022,0.06151287635200313,0.001495772862748226,0.02737297296117815,0.006446832288664336,0.023331962007189552,0.24195461068773255,0.1029821046534885,0.005172522717696987,0.01670495433035357,0.017937102970213187
0.031497145181457874,0.03700150757114116,0.04148358518692025,0.00969945695738179,0.0819284280367431,0.016742396584284978,0.006377944274169524,0.015525202434746668,0.30872790267456907,0.9999999999999989,0.0,0.036122961468197635,0.027081308734601153,0.043502501313280595,0.0,0.09623218492579723,0.06577043776130752,0.10864356853578322,0.01724462228671737,0.3031997802753999,0.02554960783860366,0.012596203815059314,0.0,0.07958785145544406,0.013268759241730122,0.024199123503154552,0.0,0.09744550811427198,0.012994296255806012,0.02725716028986777,0.0010453227573832054,0.44495206436549134,0.0,0.012925473258251344,0.026938275456555832,0.019844669834209374,0.008762551270777012,0.022521469892661426,0.03488328672826048,0.027467730187670472,0.039322398154145004,0.01481412676737464,0.006556259506086273,0.01635522408595299,0.07583480348905491,0.003293503157152827,0.0302381696638798,0.005898488176373013,0.022838907199548692,0.0,0.021054881880755265,0.03730270036927858,0.6034058047768371,0.3700067003905939,0.0,0.0,0.2752069376506989,0.09914551360429791,0.023641522627637097,0.034136353621542444,0.012425588977441655,0.01091716897037802,0.008138910367386343,0.012453878047446007,0.0,0.013710950940825289,0.004583537470849835,0.0,0.0,0.0,0.084790660782985,0.04435633584489783,0.016792582934467226,0.26896696781476426,0.04388919813664318,0.03124982353190248,0.06200122712137878,0.006918706724488142,0.04585804142794323,0.0,0.05581340322799086,0.0,0.02164799203384236,0.020836018620152687,0.012866473162416533,0.028316881917068586,0.030009462404416296,0.10173185182624264,0.013765882059193366,0.05268771840641833,0.06534243003768156,0.005735238355890688,0.0,0.008689534330503113,0.03353770688290627,0.024596037911705653,0.016132588450555093,0.06761802758728028,0.06018646774666414,0.010314048307757851,0.0022815005279515975,0.07801592941209892,0.010607369177980587,0.0,0.07297751495061411,0.0,0.027211716236587028,0.004780576616178236,0.008695067302362048,0.013851930985542557,0.023731073447180537,0.16015025032309915,0.024002324467410026,0.14870056351311814,0.05677528764542486,0.009935904362359131,0.010528382420985298,0.0065577992252349405,0.021270124868209433,0.005650715717025742,0.010595730590582051,0.12422529585180837,0.019990171420149788,0.22503979615082456,0.02779707330050129,0.010306465431300375,0.006314488156546751,0.059629703880733326,0.031396010780898306,0.0,0.03509436390378324,0.005465869045152161,0.00986528639318766,0.012518811346576094,0.061813034105121074,0.12598707907899923,0.0252590802181856,0.014967484572377229,0.0,0.05626829412396742,0.0076930178912067325,0.0063694130346611645,0.3836693670994806,0.17105736506152508,0.011290210617604017,0.0,0.01857101296273296,0.09415568587139508,0.05406553436984554,0.05269633143712522,0.013698462114789638,0.011485213011770473,0.001722098927756619,0.0,0.3219177477432431,0.042012361702680974,0.0,0.03672358906966154,0.0665628329196699,0.0013501004069433502,0.03598862376018607,0.008735669498439657,0.021709534538596236,0.331239443492454,0.20228645606408638,0.005957160104644362,0.018858786881317022,0.026194370564923054
0.0,0.0,0.0,0.0,0.0,0.0,0.0,0.0,0.0,0.0,0.0,0.0,0.0,0.0,0.0,0.0,0.0,0.0,0.0,0.0,0.0,0.0,0.0,0.0,0.0,0.0,0.0,0.0,0.0,0.0,0.0,0.0,0.0,0.0,0.0,0.0,0.0,0.0,0.0,0.0,0.0,0.0,0.0,0.0,0.0,0.0,0.0,0.0,0.0,0.0,0.0,0.0,0.0,0.0,0.0,0.0,0.0,0.0,0.0,0.0,0.0,0.0,0.0,0.0,0.0,0.0,0.0,0.0,0.0,0.0,0.0,0.0,0.0,0.0,0.0,0.0,0.0,0.0,0.0,0.0,0.0,0.0,0.0,0.0,0.0,0.0,0.0,0.0,0.0,0.0,0.0,0.0,0.0,0.0,0.0,0.0,0.0,0.0,0.0,0.0,0.0,0.0,0.0,0.0,0.0,0.0,0.0,0.0,0.0,0.0,0.0,0.0,0.0,0.0,0.0,0.0,0.0,0.0,0.0,0.0,0.0,0.0,0.0,0.0,0.0,0.0,0.0,0.0,0.0,0.0,0.0,0.0,0.0,0.0,0.0,0.0,0.0,0.0,0.0,0.0,0.0,0.0,0.0,0.0,0.0,0.0,0.0,0.0,0.0,0.0,0.0,0.0,0.0,0.0,0.0,0.0,0.0,0.0,0.0,0.0,0.0,0.0,0.0,0.0,0.0,0.0,0.0,0.0
0.09952677417970197,0.08481601679654108,0.11147335571747777,0.07575167517376341,0.022864848757797658,0.003553229976632836,0.011142050056148035,0.007740263400059656,0.03331329877579893,0.036122961468197635,0.0,1.0000000000000013,0.09555701028468336,0.016708577803722834,0.0,0.03660775023904135,0.03041298329918341,0.032677166409165494,0.021494173506478174,0.046073822395141725,0.10550115743124146,0.009810886082076427,0.0,0.17794826465035013,0.013093866456284483,0.023848469057881645,0.0,0.012836427517395102,0.01633569309874135,0.013467157623613547,0.002036609171749583,0.05268460038392397,0.0,0.04385566163813757,0.03358465893694164,0.0425051271651663,0.026426240244092083,0.0413338835294703,0.170214827413335,0.0487377387396382,0.018129191414050935,0.08333135483395808,0.004250918956157621,0.0025927979381679374,0.18940301193518566,0.006756282669416987,0.057444366154555504,0.0034403185589728788,0.00963228033621592,0.0,0.13925234956596438,0.15855272608368767,0.04606762176970768,0.029068854011433783,0.0,0.0,0.026851221291566654,0.03969017880860372,0.009250873116816523,0.08078450759740353,0.01586319443957216,0.009578061127423087,0.00861890686596004,0.10850181561005587,0.0,0.01168559157696815,0.018691597059843693,0.0,0.0,0.0,0.03235419626598935,0.03459535548499311,0.02988866548556222,0.10393276946329151,0.017628155611927446,0.021732924291761605,0.06029455748412834,0.010364594881580787,0.01424342273834577,0.0,0.017696934680995095,0.0,0.04041561722244908,0.008366802117544815,0.06283637097257683,0.018312962820730937,0.09045109468508546,0.030968410392878884,0.06123456757617296,0.03181987424806697,0.015051079088124884,0.005830908691532126,0.0,0.046800271596660566,0.12704940184651325,0.03707088918381495,0.01466244212758229,0.03517951955916865,0.05118042739426609,0.03615332293298673,0.00914051998408729,0.024718252106584855,0.007393538119342061,0.0,0.021296736565325547,0.0,0.14625095556785334,0.004889227552437328,0.0142404353134562,0.08918519702455141,0.10456623379894404,0.03714304312366388,0.01726911477587836,0.032345625617917394,0.030608072782872604,0.014825184182694085,0.004499331827912187,0.0033478737917621896,0.016945942799719213,0.012091714968709168,0.038143584327174795,0.029242474637169717,0.042167998779228576,0.20134551123095845,0.032970783216969134,0.006361088219496492,0.025804762261170396,0.15054053625344196,0.14781394834059577,0.0,0.04557073341422423,0.013778627559374486,0.0025841673284510472,0.003168324781983708,0.014395438163767168,0.13490748637622219,0.041420091389089336,0.045138477941027266,0.0,0.009934141155279685,0.02164917345125712,0.0057495005773851564,0.05420220066517366,0.11758244202931885,0.013616141665255292,0.0,0.09931853164016619,0.042354593986189994,0.04392891738956527,0.057655719009600426,0.04504642644206473,0.05260275785935,0.007149422988871416,0.0,0.05188665102096249,0.028110177631645868,0.0,0.05305034457856249,0.22870610474520292,0.008949888581439615,0.017590760939123963,0.00968343652971162,0.053369821985728795,0.09124658873524807,0.04696371389337839,0.002326706684490166,0.033878640023050015,0.01754966096243531
0.02335598008697425,0.05362431011118038,0.06276077421006113,0.014016677092540899,0.022891748933028616,0.001472499922610292,0.00820202280052268,0.009459630360536084,0.03895533283156729,0.027081308734601153,0.0,0.09555701028468336,0.9999999999999969,0.015225302327201163,0.0,0.03159282259520895,0.024028351921439123,0.02143005150755165,0.006800050335451817,0.02731574050904129,0.012749255701773949,0.02121144657173317,0.0,0.12992769506063567,0.004001530274223947,0.015376854754482562,0.0,0.008746687418442445,0.00790728706934032,0.006682422863596058,0.0006392398191541557,0.033957067308473025,0.0,0.006696913884946188,0.0027034184004942397,0.026282130105666247,0.010485109507396662,0.02097638827319718,0.02096717733631218,0.05352579290382686,0.013300926826390898,0.011080650779433517,0.002850421800712862,0.003805671157508274,0.11345761895834115,0.0008137941457363398,0.024869634895745472,0.002442245787627456,0.008549673175638239,0.0,0.012620687862193456,0.05314242796457905,0.029220841363578227,0.023383228602385252,0.0,0.0,0.014193864587244167,0.02496393244586822,0.005807916220848882,0.06344356263329246,0.008503400011727264,0.002860337126794913,0.0039068275108823484,0.007307486808505872,0.0,0.003930511827789941,0.004913584882478971,0.0,0.0,0.0,0.019389871588809456,0.015922886060287335,0.022344514984362938,0.07091549883717613,0.006941856136025949,0.015601746940566392,0.014503151922676583,0.011774574287634686,0.008057943149020197,0.0,0.0084994891046933,0.0,0.015830863941363005,0.005619242563328172,0.04094179817765129,0.013588687446611809,0.03754368323239336,0.021535220165108938,0.01140838029463289,0.019859177016666483,0.006199311385566589,0.0030754796363427522,0.0,0.005513308606306929,0.11702032670014435,0.016599866112232513,0.007822836656730824,0.014889596593162207,0.017495445141360824,0.017710933334120167,0.0026803751566890797,0.0196550587049298,0.0020149999921963303,0.0,0.01684101023377595,0.0,0.024888908979265715,0.001836821085076636,0.004356607982221942,0.00992639565616056,0.08055310759669553,0.0198597498669562,0.024292427543567283,0.030489115978778878,0.007477853017125833,0.012161345569548444,0.004687283985974731,0.0023741184537938893,0.011177645572395076,0.0012831551034775898,0.009106433447984105,0.01864151083784867,0.009949860752190655,0.0963334264205646,0.013022789416416242,0.0017677722282970925,0.006463590845000708,0.09613068815644137,0.07220968286326648,0.0,0.05274465318220579,0.003486920371300444,0.0009700695943391083,0.00345474267951262,0.013871734986649438,0.1248047907793521,0.03674406036716063,0.00986317146911129,0.0,0.008083885407612876,0.002200691595700726,0.0008564668137015705,0.0245388760023327,0.0397013143776637,0.009787809565183592,0.0,0.024334387025943937,0.026389989024289635,0.02503507690140867,0.06820577659672147,0.010300899996689412,0.005010721679576316,0.004149670582933134,0.0,0.036959449712534086,0.023216654993409403,0.0,0.03151484269876171,0.12650911989271962,0.0009314390849900159,0.005991414487084614,0.004829203789517835,0.01840324935873349,0.05835428374205321,0.030080386308037707,0.004697923219463517,0.016494387969812136,0.00819508603810605
